4.662202485172291
4.423173655647476
1.6757280416322744
5.6904039115835285
3.0044636279878585
2.608580858316353
2.4885421380684147
1.4255609134307323
5.223245161357617
5.105506470139259
1.5474614951331358
4.818303260978799
4.004536650742576
3.2171515306875014
2.1882860916954323
5.140394109968435
5.3061563482055005
4.213403356630744
3.189246165781606
4.336209002370422
2.3167831344231153
2.715002911927307
3.560489235569119
2.7757368033607257
4.2341919615973245
1.8084939525478352
2.8671989406585636
2.7831110165316852
2.1920777026062015
4.537249462723347
1.5713832302777562
3.7378320974342003
3.220799389069243
1.5463994882292689
5.440570664605396
3.15509160233466
4.287594734812983
2.615052550640779
2.0511475027575106
1.6047162599934226
